80
5
00:00 00:01 00:01 00:03 23:00 00:00 00:02 00:03 00:03 23:03 00:00 00:01 00:01 00:03 23:00 00:00 00:02 00:03 00:03 23:03 00:00 00:01 00:01 00:03 23:00 00:00 00:02 00:03 00:03 23:03 00:00 00:01 00:01 00:03 23:00 00:00 00:02 00:03 00:03 23:03 00:00 00:01 00:01 00:03 23:00 00:00 00:02 00:03 00:03 23:03 00:00 00:01 00:01 00:03 23:00 00:00 00:02 00:03 00:03 23:03 00:00 00:01 00:01 00:03 23:00 00:00 00:02 00:03 00:03 23:03 00:00 00:01 00:01 00:03 23:00 00:00 00:02 00:03 00:03 23:03
10 20 30 20 30 10 20 30 20 30 10 20 80 20 60 10 20 30 20 30 10 20 30 20 30 10 20 30 20 30 10 20 80 20 60 10 20 30 20 30 10 20 30 20 30 10 20 30 20 30 10 20 80 20 60 10 20 30 20 30 10 20 30 20 30 10 20 30 20 30 10 20 80 20 60 10 20 30 20 30
3 1 2 3 2 1 1
2 1 4 2 2
3 3 2 1 3 1 2
2 1 3 2 4
2 1 5 30 20
3 1 2 3 2 1 1
2 1 4 2 2
3 3 2 1 3 1 2
2 1 3 2 4
2 1 5 30 20
3 1 2 3 2 1 1
2 1 4 2 2
3 3 2 1 3 1 2
2 1 3 2 4
2 1 5 30 20
3 1 2 3 2 1 1
2 1 4 2 2
3 3 2 1 3 1 2
2 1 3 2 4
2 1 5 30 20
3 1 2 3 2 1 1
2 1 4 2 2
3 3 2 1 3 1 2
2 1 3 2 4
2 1 5 30 20
3 1 2 3 2 1 1
2 1 4 2 2
3 3 2 1 3 1 2
2 1 3 2 4
2 1 5 30 20
3 1 2 3 2 1 1
2 1 4 2 2
3 3 2 1 3 1 2
2 1 3 2 4
2 1 5 30 20
3 1 2 3 2 1 1
2 1 4 2 2
3 3 2 1 3 1 2
2 1 3 2 4
2 1 5 30 20
3 1 2 3 2 1 1
2 1 4 2 2
3 3 2 1 3 1 2
2 1 3 2 4
2 1 5 30 20
3 1 2 3 2 1 1
2 1 4 2 2
3 3 2 1 3 1 2
2 1 3 2 4
2 1 5 30 20
3 1 2 3 2 1 1
2 1 4 2 2
3 3 2 1 3 1 2
2 1 3 2 4
2 1 5 30 20
3 1 2 3 2 1 1
2 1 4 2 2
3 3 2 1 3 1 2
2 1 3 2 4
2 1 5 30 20
3 1 2 3 2 1 1
2 1 4 2 2
3 3 2 1 3 1 2
2 1 3 2 4
2 1 5 30 20
3 1 2 3 2 1 1
2 1 4 2 2
3 3 2 1 3 1 2
2 1 3 2 4
2 1 5 30 20
3 1 2 3 2 1 1
2 1 4 2 2
3 3 2 1 3 1 2
2 1 3 2 4
2 1 5 30 20
3 1 2 3 2 1 1
2 1 4 2 2
3 3 2 1 3 1 2
2 1 3 2 4
2 1 5 30 20